TABLE NO.     1: First Order Conditional Estimation with Interaction: Problem=1 Subproblem=0 Superproblem1=0 Iteration1=0 Superproblem2=0 Iteration2=0
 NAME         THETA1       THETA2       THETA3       THETA4       THETA5       THETA6       THETA7       SIGMA(1,1)   SIGMA(2,1)   SIGMA(2,2)   OMEGA(1,1)   OMEGA(2,1)   OMEGA(2,2)   OMEGA(3,1)   OMEGA(3,2)   OMEGA(3,3)
 THETA1        6.53632E-02  5.70421E-01  4.45365E-01 -2.35740E-01 -4.70281E-01 -7.90528E-02 -2.71384E-02  1.47521E-01  0.00000E+00  2.16642E-02  2.48440E-01  1.11437E-01  6.93940E-03  3.34873E-01  4.28027E-02  7.96092E-02
 THETA2        5.70421E-01  2.76851E-02  6.19285E-01 -1.69762E-01 -4.55934E-01  6.13897E-02 -4.19425E-02  6.12384E-02  0.00000E+00 -6.19972E-02  2.60134E-02 -6.81712E-02 -6.24735E-02  3.65278E-02 -8.83678E-02  5.82817E-02
 THETA3        4.45365E-01  6.19285E-01  2.74459E-02  3.97117E-02 -1.58407E-01  3.62950E-01 -2.54633E-01  2.33210E-01  0.00000E+00 -3.23579E-02 -3.68894E-02  6.71864E-03 -6.21248E-02 -1.49818E-02  2.64782E-03  6.59276E-02
 THETA4       -2.35740E-01 -1.69762E-01  3.97117E-02  1.85889E-02  2.13886E-01  1.07969E-01 -1.75145E-02  4.61845E-02  0.00000E+00  2.55841E-02 -7.03894E-02 -4.87714E-02 -6.69687E-02 -1.12335E-01 -6.18835E-02 -7.17136E-02
 THETA5       -4.70281E-01 -4.55934E-01 -1.58407E-01  2.13886E-01  3.50628E-02 -6.25378E-02  1.85826E-01 -5.18452E-04  0.00000E+00  9.82750E-02  1.54156E-02  2.34315E-01  2.58195E-01  3.77747E-02  1.74122E-01 -5.57577E-02
 THETA6       -7.90528E-02  6.13897E-02  3.62950E-01  1.07969E-01 -6.25378E-02  4.78166E-02 -1.77199E-01  5.92136E-02  0.00000E+00 -4.52101E-02 -1.55557E-01 -9.21553E-02 -1.01606E-01 -1.96210E-01 -1.54856E-02  6.75968E-02
 THETA7       -2.71384E-02 -4.19425E-02 -2.54633E-01 -1.75145E-02  1.85826E-01 -1.77199E-01  6.24904E-02 -1.98222E-01  0.00000E+00 -5.19864E-02  2.26080E-01  2.32414E-03  7.21185E-02  1.36828E-01  8.72681E-02  3.04035E-02
 SIGMA(1,1)    1.47521E-01  6.12384E-02  2.33210E-01  4.61845E-02 -5.18452E-04  5.92136E-02 -1.98222E-01  1.21457E-03  0.00000E+00  1.72553E-01 -6.29879E-02  2.84315E-02 -7.91070E-02  1.44416E-01  5.55469E-02  1.08774E-01
 SIGMA(2,1)    0.00000E+00  0.00000E+00  0.00000E+00  0.00000E+00  0.00000E+00  0.00000E+00  0.00000E+00  0.00000E+00  0.00000E+00  0.00000E+00  0.00000E+00  0.00000E+00  0.00000E+00  0.00000E+00  0.00000E+00  0.00000E+00
 SIGMA(2,2)    2.16642E-02 -6.19972E-02 -3.23579E-02  2.55841E-02  9.82750E-02 -4.52101E-02 -5.19864E-02  1.72553E-01  0.00000E+00  1.20318E+00  3.32049E-01  5.04980E-01  1.23356E-01  4.12745E-01  2.54081E-01  2.47448E-01
 OMEGA(1,1)    2.48440E-01  2.60134E-02 -3.68894E-02 -7.03894E-02  1.54156E-02 -1.55557E-01  2.26080E-01 -6.29879E-02  0.00000E+00  3.32049E-01  5.57156E-02  6.26351E-01  3.43139E-01  7.22685E-01  4.22732E-01  3.26151E-01
 OMEGA(2,1)    1.11437E-01 -6.81712E-02  6.71864E-03 -4.87714E-02  2.34315E-01 -9.21553E-02  2.32414E-03  2.84315E-02  0.00000E+00  5.04980E-01  6.26351E-01  2.14818E-02  7.10752E-01  7.58513E-01  7.51634E-01  4.74747E-01
 OMEGA(2,2)    6.93940E-03 -6.24735E-02 -6.21248E-02 -6.69687E-02  2.58195E-01 -1.01606E-01  7.21185E-02 -7.91070E-02  0.00000E+00  1.23356E-01  3.43139E-01  7.10752E-01  1.00452E-02  4.62445E-01  7.53835E-01  3.58925E-01
 OMEGA(3,1)    3.34873E-01  3.65278E-02 -1.49818E-02 -1.12335E-01  3.77747E-02 -1.96210E-01  1.36828E-01  1.44416E-01  0.00000E+00  4.12745E-01  7.22685E-01  7.58513E-01  4.62445E-01  2.34117E-02  6.69195E-01  6.18799E-01
 OMEGA(3,2)    4.28027E-02 -8.83678E-02  2.64782E-03 -6.18835E-02  1.74122E-01 -1.54856E-02  8.72681E-02  5.55469E-02  0.00000E+00  2.54081E-01  4.22732E-01  7.51634E-01  7.53835E-01  6.69195E-01  9.10157E-03  7.75266E-01
 OMEGA(3,3)    7.96092E-02  5.82817E-02  6.59276E-02 -7.17136E-02 -5.57577E-02  6.75968E-02  3.04035E-02  1.08774E-01  0.00000E+00  2.47448E-01  3.26151E-01  4.74747E-01  3.58925E-01  6.18799E-01  7.75266E-01  1.16735E-02
