TABLE NO.     1: MCMC Bayesian Analysis: Problem=1 Subproblem=0 Superproblem1=0 Iteration1=0 Superproblem2=0 Iteration2=0
 NAME         THETA1       THETA2       THETA3       THETA4       THETA5       THETA6       SIGMA(1,1)   SIGMA(2,1)   SIGMA(2,2)   OMEGA(1,1)   OMEGA(2,1)   OMEGA(2,2)   OMEGA(3,1)   OMEGA(3,2)   OMEGA(3,3)   OMEGA(4,1)   OMEGA(4,2)   OMEGA(4,3)   OMEGA(4,4)
 THETA1        1.39962E-01  9.85820E-01  2.56867E-01  6.69611E-01 -5.64212E-01 -6.20147E-02  8.84758E-02  0.00000E+00  1.45784E-01 -5.79154E-02  0.00000E+00  1.89708E-01  0.00000E+00  2.82407E-01  3.22865E-01  0.00000E+00 -2.32086E-01 -3.44437E-01  1.82032E-01
 THETA2        9.85820E-01  1.26721E-01  1.61195E-01  7.00634E-01 -5.47585E-01 -6.27208E-02  8.59045E-02  0.00000E+00  1.36143E-01 -4.19434E-02  0.00000E+00  1.86721E-01  0.00000E+00  2.76428E-01  3.16364E-01  0.00000E+00 -2.30683E-01 -3.35652E-01  1.86632E-01
 THETA3        2.56867E-01  1.61195E-01  4.52754E-03  1.56575E-01  2.45082E-02 -8.17042E-02  3.71893E-02  0.00000E+00 -6.37378E-02 -4.99653E-02  0.00000E+00  4.48736E-01  0.00000E+00  4.45262E-01  4.06293E-01  0.00000E+00 -3.34512E-01 -3.29739E-01  1.43786E-01
 THETA4        6.69611E-01  7.00634E-01  1.56575E-01  2.23964E-01 -3.28895E-01 -1.78062E-02  3.16484E-03  0.00000E+00  5.04484E-02 -8.02267E-03  0.00000E+00  1.66700E-02  0.00000E+00  5.87638E-02  8.48981E-02  0.00000E+00 -7.85294E-02 -1.15509E-01  1.07214E-01
 THETA5       -5.64212E-01 -5.47585E-01  2.45082E-02 -3.28895E-01  3.28198E-01 -2.47118E-01 -3.35342E-02  0.00000E+00 -1.10824E-01  1.60166E-02  0.00000E+00 -9.83380E-02  0.00000E+00 -1.36915E-01 -1.56733E-01  0.00000E+00  3.05426E-01  3.32727E-01 -4.63157E-01
 THETA6       -6.20147E-02 -6.27208E-02 -8.17042E-02 -1.78062E-02 -2.47118E-01  1.13918E+00 -1.71308E-02  0.00000E+00 -4.11595E-02  3.35578E-02  0.00000E+00 -7.16369E-02  0.00000E+00 -7.78808E-02 -7.46829E-02  0.00000E+00  1.74927E-02  2.95153E-02  5.82900E-02
 SIGMA(1,1)    8.84758E-02  8.59045E-02  3.71893E-02  3.16484E-03 -3.35342E-02 -1.71308E-02  3.61532E+02  0.00000E+00  4.62051E-02  3.50705E-03  0.00000E+00  5.43941E-02  0.00000E+00  7.16434E-02  8.10492E-02  0.00000E+00 -3.45760E-02 -5.07168E-02  2.07838E-02
 SIGMA(2,1)    0.00000E+00  0.00000E+00  0.00000E+00  0.00000E+00  0.00000E+00  0.00000E+00  0.00000E+00  0.00000E+00  0.00000E+00  0.00000E+00  0.00000E+00  0.00000E+00  0.00000E+00  0.00000E+00  0.00000E+00  0.00000E+00  0.00000E+00  0.00000E+00  0.00000E+00
 SIGMA(2,2)    1.45784E-01  1.36143E-01 -6.37378E-02  5.04484E-02 -1.10824E-01 -4.11595E-02  4.62051E-02  0.00000E+00  1.81573E+02 -7.17859E-03  0.00000E+00 -8.26594E-02  0.00000E+00 -3.31584E-02 -4.38493E-03  0.00000E+00  6.18246E-02 -5.62188E-03 -4.44506E-02
 OMEGA(1,1)   -5.79154E-02 -4.19434E-02 -4.99653E-02 -8.02267E-03  1.60166E-02  3.35578E-02  3.50705E-03  0.00000E+00 -7.17859E-03  3.74990E-03  0.00000E+00  5.16872E-03  0.00000E+00 -4.83908E-03 -8.84477E-03  0.00000E+00 -1.09444E-02  2.65600E-03 -1.11970E-03
 OMEGA(2,1)    0.00000E+00  0.00000E+00  0.00000E+00  0.00000E+00  0.00000E+00  0.00000E+00  0.00000E+00  0.00000E+00  0.00000E+00  0.00000E+00  0.00000E+00  0.00000E+00  0.00000E+00  0.00000E+00  0.00000E+00  0.00000E+00  0.00000E+00  0.00000E+00  0.00000E+00
 OMEGA(2,2)    1.89708E-01  1.86721E-01  4.48736E-01  1.66700E-02 -9.83380E-02 -7.16369E-02  5.43941E-02  0.00000E+00 -8.26594E-02  5.16872E-03  0.00000E+00  7.81363E-02  0.00000E+00  9.72791E-01  8.99285E-01  0.00000E+00 -7.38853E-01 -7.03777E-01  3.55376E-01
 OMEGA(3,1)    0.00000E+00  0.00000E+00  0.00000E+00  0.00000E+00  0.00000E+00  0.00000E+00  0.00000E+00  0.00000E+00  0.00000E+00  0.00000E+00  0.00000E+00  0.00000E+00  0.00000E+00  0.00000E+00  0.00000E+00  0.00000E+00  0.00000E+00  0.00000E+00  0.00000E+00
 OMEGA(3,2)    2.82407E-01  2.76428E-01  4.45262E-01  5.87638E-02 -1.36915E-01 -7.78808E-02  7.16434E-02  0.00000E+00 -3.31584E-02 -4.83908E-03  0.00000E+00  9.72791E-01  0.00000E+00  5.51678E-02  9.72395E-01  0.00000E+00 -6.87631E-01 -7.01783E-01  3.13113E-01
 OMEGA(3,3)    3.22865E-01  3.16364E-01  4.06293E-01  8.48981E-02 -1.56733E-01 -7.46829E-02  8.10492E-02  0.00000E+00 -4.38493E-03 -8.84477E-03  0.00000E+00  8.99285E-01  0.00000E+00  9.72395E-01  3.97002E-02  0.00000E+00 -6.04182E-01 -6.48320E-01  2.64232E-01
 OMEGA(4,1)    0.00000E+00  0.00000E+00  0.00000E+00  0.00000E+00  0.00000E+00  0.00000E+00  0.00000E+00  0.00000E+00  0.00000E+00  0.00000E+00  0.00000E+00  0.00000E+00  0.00000E+00  0.00000E+00  0.00000E+00  0.00000E+00  0.00000E+00  0.00000E+00  0.00000E+00
 OMEGA(4,2)   -2.32086E-01 -2.30683E-01 -3.34512E-01 -7.85294E-02  3.05426E-01  1.74927E-02 -3.45760E-02  0.00000E+00  6.18246E-02 -1.09444E-02  0.00000E+00 -7.38853E-01  0.00000E+00 -6.87631E-01 -6.04182E-01  0.00000E+00  3.39095E-01  9.54824E-01 -6.72557E-01
 OMEGA(4,3)   -3.44437E-01 -3.35652E-01 -3.29739E-01 -1.15509E-01  3.32727E-01  2.95153E-02 -5.07168E-02  0.00000E+00 -5.62188E-03  2.65600E-03  0.00000E+00 -7.03777E-01  0.00000E+00 -7.01783E-01 -6.48320E-01  0.00000E+00  9.54824E-01  2.63342E-01 -5.63889E-01
 OMEGA(4,4)    1.82032E-01  1.86632E-01  1.43786E-01  1.07214E-01 -4.63157E-01  5.82900E-02  2.07838E-02  0.00000E+00 -4.44506E-02 -1.11970E-03  0.00000E+00  3.55376E-01  0.00000E+00  3.13113E-01  2.64232E-01  0.00000E+00 -6.72557E-01 -5.63889E-01  1.38700E+00
