TABLE NO.     1: MCMC Bayesian Analysis: Problem=1 Subproblem=0 Superproblem1=0 Iteration1=0 Superproblem2=0 Iteration2=0
 NAME         THETA1       THETA2       THETA3       THETA4       THETA5       THETA6       SIGMA(1,1)   SIGMA(2,1)   SIGMA(2,2)   OMEGA(1,1)   OMEGA(2,1)   OMEGA(2,2)   OMEGA(3,1)   OMEGA(3,2)   OMEGA(3,3)   OMEGA(4,1)   OMEGA(4,2)   OMEGA(4,3)   OMEGA(4,4)
 THETA1        1.95892E-02  1.74845E-02  1.62772E-04  2.09899E-02 -2.59171E-02 -9.88773E-03  4.47693E+00  0.00000E+00  3.70484E+00 -3.03964E-05  0.00000E+00  2.07466E-03  0.00000E+00  2.18057E-03  1.79400E-03  0.00000E+00 -1.10149E-02 -1.26952E-02  3.53373E-02
 THETA2        1.74845E-02  1.60581E-02  9.24829E-05  1.98846E-02 -2.27737E-02 -9.05424E-03  3.93559E+00  0.00000E+00  3.13253E+00 -1.99310E-05  0.00000E+00  1.84881E-03  0.00000E+00  1.93248E-03  1.59158E-03  0.00000E+00 -9.91252E-03 -1.12010E-02  3.28027E-02
 THETA3        1.62772E-04  9.24829E-05  2.04986E-05  1.58768E-04  3.64174E-05 -4.21406E-04  6.08735E-02  0.00000E+00 -5.23975E-02 -8.48302E-07  0.00000E+00  1.58747E-04  0.00000E+00  1.11215E-04  7.30289E-05  0.00000E+00 -5.13565E-04 -3.93146E-04  9.02930E-04
 THETA4        2.09899E-02  1.98846E-02  1.58768E-04  5.01600E-02 -2.41753E-02 -4.54301E-03  2.56259E-01  0.00000E+00  2.05153E+00 -6.73778E-06  0.00000E+00  2.91720E-04  0.00000E+00  7.26063E-04  7.54865E-04  0.00000E+00 -5.96393E-03 -6.81264E-03  3.33046E-02
 THETA5       -2.59171E-02 -2.27737E-02  3.64174E-05 -2.41753E-02  1.07714E-01 -9.23916E-02 -3.97897E+00  0.00000E+00 -6.60423E+00  1.97117E-05  0.00000E+00 -2.52179E-03  0.00000E+00 -2.47897E-03 -2.04215E-03  0.00000E+00  3.39910E-02  2.87570E-02 -2.10834E-01
 THETA6       -9.88773E-03 -9.05424E-03 -4.21406E-04 -4.54301E-03 -9.23916E-02  1.29774E+00 -7.05534E+00  0.00000E+00 -8.51363E+00  1.43353E-04  0.00000E+00 -6.37651E-03  0.00000E+00 -4.89452E-03 -3.37760E-03  0.00000E+00  6.75726E-03  8.85443E-03  9.21008E-02
 SIGMA(1,1)    4.47693E+00  3.93559E+00  6.08735E-02  2.56259E-01 -3.97897E+00 -7.05534E+00  1.30706E+05  0.00000E+00  3.03311E+03  4.75454E-03  0.00000E+00  1.53657E+00  0.00000E+00  1.42892E+00  1.16329E+00  0.00000E+00 -4.23881E+00 -4.82858E+00  1.04219E+01
 SIGMA(2,1)    0.00000E+00  0.00000E+00  0.00000E+00  0.00000E+00  0.00000E+00  0.00000E+00  0.00000E+00  0.00000E+00  0.00000E+00  0.00000E+00  0.00000E+00  0.00000E+00  0.00000E+00  0.00000E+00  0.00000E+00  0.00000E+00  0.00000E+00  0.00000E+00  0.00000E+00
 SIGMA(2,2)    3.70484E+00  3.13253E+00 -5.23975E-02  2.05153E+00 -6.60423E+00 -8.51363E+00  3.03311E+03  0.00000E+00  3.29688E+04 -4.88776E-03  0.00000E+00 -1.17273E+00  0.00000E+00 -3.32147E-01 -3.16087E-02  0.00000E+00  3.80658E+00 -2.68815E-01 -1.11945E+01
 OMEGA(1,1)   -3.03964E-05 -1.99310E-05 -8.48302E-07 -6.73778E-06  1.97117E-05  1.43353E-04  4.75454E-03  0.00000E+00 -4.88776E-03  1.40617E-05  0.00000E+00  1.51445E-06  0.00000E+00 -1.00108E-06 -1.31674E-06  0.00000E+00 -1.39166E-05  2.62282E-06 -5.82368E-06
 OMEGA(2,1)    0.00000E+00  0.00000E+00  0.00000E+00  0.00000E+00  0.00000E+00  0.00000E+00  0.00000E+00  0.00000E+00  0.00000E+00  0.00000E+00  0.00000E+00  0.00000E+00  0.00000E+00  0.00000E+00  0.00000E+00  0.00000E+00  0.00000E+00  0.00000E+00  0.00000E+00
 OMEGA(2,2)    2.07466E-03  1.84881E-03  1.58747E-04  2.91720E-04 -2.52179E-03 -6.37651E-03  1.53657E+00  0.00000E+00 -1.17273E+00  1.51445E-06  0.00000E+00  6.10528E-03  0.00000E+00  4.19332E-03  2.78961E-03  0.00000E+00 -1.95764E-02 -1.44813E-02  3.85139E-02
 OMEGA(3,1)    0.00000E+00  0.00000E+00  0.00000E+00  0.00000E+00  0.00000E+00  0.00000E+00  0.00000E+00  0.00000E+00  0.00000E+00  0.00000E+00  0.00000E+00  0.00000E+00  0.00000E+00  0.00000E+00  0.00000E+00  0.00000E+00  0.00000E+00  0.00000E+00  0.00000E+00
 OMEGA(3,2)    2.18057E-03  1.93248E-03  1.11215E-04  7.26063E-04 -2.47897E-03 -4.89452E-03  1.42892E+00  0.00000E+00 -3.32147E-01 -1.00108E-06  0.00000E+00  4.19332E-03  0.00000E+00  3.04349E-03  2.12971E-03  0.00000E+00 -1.28636E-02 -1.01955E-02  2.39587E-02
 OMEGA(3,3)    1.79400E-03  1.59158E-03  7.30289E-05  7.54865E-04 -2.04215E-03 -3.37760E-03  1.16329E+00  0.00000E+00 -3.16087E-02 -1.31674E-06  0.00000E+00  2.78961E-03  0.00000E+00  2.12971E-03  1.57611E-03  0.00000E+00 -8.13360E-03 -6.77802E-03  1.45497E-02
 OMEGA(4,1)    0.00000E+00  0.00000E+00  0.00000E+00  0.00000E+00  0.00000E+00  0.00000E+00  0.00000E+00  0.00000E+00  0.00000E+00  0.00000E+00  0.00000E+00  0.00000E+00  0.00000E+00  0.00000E+00  0.00000E+00  0.00000E+00  0.00000E+00  0.00000E+00  0.00000E+00
 OMEGA(4,2)   -1.10149E-02 -9.91252E-03 -5.13565E-04 -5.96393E-03  3.39910E-02  6.75726E-03 -4.23881E+00  0.00000E+00  3.80658E+00 -1.39166E-05  0.00000E+00 -1.95764E-02  0.00000E+00 -1.28636E-02 -8.13360E-03  0.00000E+00  1.14986E-01  8.52640E-02 -3.16320E-01
 OMEGA(4,3)   -1.26952E-02 -1.12010E-02 -3.93146E-04 -6.81264E-03  2.87570E-02  8.85443E-03 -4.82858E+00  0.00000E+00 -2.68815E-01  2.62282E-06  0.00000E+00 -1.44813E-02  0.00000E+00 -1.01955E-02 -6.77802E-03  0.00000E+00  8.52640E-02  6.93491E-02 -2.05963E-01
 OMEGA(4,4)    3.53373E-02  3.28027E-02  9.02930E-04  3.33046E-02 -2.10834E-01  9.21008E-02  1.04219E+01  0.00000E+00 -1.11945E+01 -5.82368E-06  0.00000E+00  3.85139E-02  0.00000E+00  2.39587E-02  1.45497E-02  0.00000E+00 -3.16320E-01 -2.05963E-01  1.92376E+00
