TABLE NO.     1: First Order Conditional Estimation with Interaction: Problem=1 Subproblem=0 Superproblem1=0 Iteration1=0 Superproblem2=0 Iteration2=0
 NAME         THETA1       THETA2       THETA3       THETA4       THETA5       THETA6       THETA7       SIGMA(1,1)   SIGMA(2,1)   SIGMA(2,2)   OMEGA(1,1)   OMEGA(2,1)   OMEGA(2,2)   OMEGA(3,1)   OMEGA(3,2)   OMEGA(3,3)
 THETA1        5.96347E+02 -2.44451E+02 -5.09927E+02  1.98449E+02  3.90479E+02  8.55433E+01 -3.14443E+01 -9.06190E+02  0.00000E+00  1.05283E+00  1.98481E+01  2.31478E+02 -1.66648E+01 -9.65321E+02 -3.41174E+02  1.07613E+03
 THETA2       -2.44451E+02  3.51042E+03 -2.12934E+03  3.70951E+02  7.95322E+02  2.60194E+02 -2.55895E+02  3.52165E+03  0.00000E+00 -2.03983E+00  7.26678E+01 -1.28240E+02 -2.81747E+03  1.16789E+02  5.30871E+03 -2.37357E+03
 THETA3       -5.09927E+02 -2.12934E+03  3.76369E+03 -5.48172E+02 -8.21831E+02 -5.89863E+02  3.13898E+02 -9.42322E+03  0.00000E+00  5.63371E+00 -1.04022E+02 -6.42488E+02  2.23906E+03  1.09348E+03 -2.88668E+03  2.32710E+02
 THETA4        1.98449E+02  3.70951E+02 -5.48172E+02  3.28092E+03 -1.62321E+02 -3.04667E+01 -2.47991E+01 -1.62168E+03  0.00000E+00 -2.12745E+00 -4.27877E+01  1.18835E+02  1.47567E+02 -2.21474E+01  3.93728E+02  8.45085E+01
 THETA5        3.90479E+02  7.95322E+02 -8.21831E+02 -1.62321E+02  1.61614E+03  1.43331E+02 -2.33875E+02 -2.28389E+03  0.00000E+00 -8.53476E-02  1.57449E+02 -6.18532E+02 -8.55591E+02 -4.14971E+02  2.34671E+02  1.05460E+03
 THETA6        8.55433E+01  2.60194E+02 -5.89863E+02 -3.04667E+01  1.43331E+02  6.05865E+02 -7.49787E+00  1.73995E+02  0.00000E+00  4.84876E-02 -1.30773E+01 -1.63465E+02  1.22225E+02  3.84639E+02  1.01124E+02 -5.44937E+02
 THETA7       -3.14443E+01 -2.55895E+02  3.13898E+02 -2.47991E+01 -2.33875E+02 -7.49787E+00  3.62524E+02  2.69135E+03  0.00000E+00 -1.02672E-01 -1.26200E+02  6.13361E+02  2.06729E+02 -1.56558E+02 -1.18595E+03  3.81860E+02
 SIGMA(1,1)   -9.06190E+02  3.52165E+03 -9.42322E+03 -1.62168E+03 -2.28389E+03  1.73995E+02  2.69135E+03  8.62805E+05  0.00000E+00 -1.71560E+02  4.84034E+03  1.67843E+04  1.30749E+04 -2.30845E+04 -2.60902E+04  1.31171E+04
 SIGMA(2,1)    0.00000E+00  0.00000E+00  0.00000E+00  0.00000E+00  0.00000E+00  0.00000E+00  0.00000E+00  0.00000E+00  0.00000E+00  0.00000E+00  0.00000E+00  0.00000E+00  0.00000E+00  0.00000E+00  0.00000E+00  0.00000E+00
 SIGMA(2,2)    1.05283E+00 -2.03983E+00  5.63371E+00 -2.12745E+00 -8.53476E-02  4.84876E-02 -1.02672E-01 -1.71560E+02  0.00000E+00  1.15990E+00  5.70403E-01 -6.14802E+01  5.01135E+01  2.96119E+00  4.35168E+01 -2.15888E+01
 OMEGA(1,1)    1.98481E+01  7.26678E+01 -1.04022E+02 -4.27877E+01  1.57449E+02 -1.30773E+01 -1.26200E+02  4.84034E+03  0.00000E+00  5.70403E-01  8.39551E+02 -8.30327E+02  2.73260E+02 -1.31298E+03  8.12524E+02  4.45956E+02
 OMEGA(2,1)    2.31478E+02 -1.28240E+02 -6.42488E+02  1.18835E+02 -6.18532E+02 -1.63465E+02  6.13361E+02  1.67843E+04  0.00000E+00 -6.14802E+01 -8.30327E+02  1.46438E+04 -7.88379E+03 -5.06632E+03 -1.28791E+04  6.25408E+03
 OMEGA(2,2)   -1.66648E+01 -2.81747E+03  2.23906E+03  1.47567E+02 -8.55591E+02  1.22225E+02  2.06729E+02  1.30749E+04  0.00000E+00  5.01135E+01  2.73260E+02 -7.88379E+03  4.09008E+04  2.14914E+03 -4.05359E+04  1.40945E+04
 OMEGA(3,1)   -9.65321E+02  1.16789E+02  1.09348E+03 -2.21474E+01 -4.14971E+02  3.84639E+02 -1.56558E+02 -2.30845E+04  0.00000E+00  2.96119E+00 -1.31298E+03 -5.06632E+03  2.14914E+03  1.05840E+04  4.55945E+02 -7.32706E+03
 OMEGA(3,2)   -3.41174E+02  5.30871E+03 -2.88668E+03  3.93728E+02  2.34671E+02  1.01124E+02 -1.18595E+03 -2.60902E+04  0.00000E+00  4.35168E+01  8.12524E+02 -1.28791E+04 -4.05359E+04  4.55945E+02  1.14132E+05 -4.77464E+04
 OMEGA(3,3)    1.07613E+03 -2.37357E+03  2.32710E+02  8.45085E+01  1.05460E+03 -5.44937E+02  3.81860E+02  1.31171E+04  0.00000E+00 -2.15888E+01  4.45956E+02  6.25408E+03  1.40945E+04 -7.32706E+03 -4.77464E+04  3.52703E+04
