TABLE NO.     1: Stochastic Approximation Expectation-Maximization: Problem=1 Subproblem=0 Superproblem1=0 Iteration1=0 Superproblem2=0 Iteration2=0
 NAME         THETA1       THETA2       THETA3       THETA4       THETA5       THETA6       THETA7       THETA8       THETA9       THETA10      THETA11      SIGMA(1,1)   OMEGA(1,1)   OMEGA(2,1)   OMEGA(2,2)   OMEGA(3,1)   OMEGA(3,2)   OMEGA(3,3)   OMEGA(4,1)   OMEGA(4,2)   OMEGA(4,3)   OMEGA(4,4)
 THETA1        3.79778E-02  3.25697E-03 -9.76784E-01 -3.06580E-03  3.49940E-01 -1.05759E-02 -3.30921E-01  1.12161E-02  3.69885E-02  3.17189E-02 -5.94277E-02  0.00000E+00  1.01089E-01  4.18436E-02  5.32162E-02 -5.22778E-04  7.03778E-03  2.15106E-02  3.08293E-02  5.38498E-02  2.02392E-02 -1.63456E-02
 THETA2        3.25697E-03  2.89098E-02  3.13942E-03 -9.55022E-01  3.42816E-02  1.90276E-01 -3.58412E-02 -1.63927E-01  1.86088E-01  1.38333E-01 -4.76308E-02  0.00000E+00  1.01008E-02  2.20796E-02  9.64598E-03  5.08033E-02 -3.43686E-03 -4.22980E-03 -3.21305E-03 -1.98387E-02  2.81002E-02  5.46813E-02
 THETA3       -9.76784E-01  3.13942E-03  1.10814E-02  1.40027E-03 -3.13342E-01  1.36507E-02  2.98842E-01 -1.09553E-02  1.08312E-02  1.29829E-02  7.17193E-02  0.00000E+00 -1.13551E-01 -6.60677E-02 -5.52117E-02 -2.33098E-02 -2.14575E-02 -2.82492E-02 -5.00715E-02 -5.19572E-02 -2.95387E-02  8.73474E-03
 THETA4       -3.06580E-03 -9.55022E-01  1.40027E-03  8.44385E-03 -1.06075E-02 -1.59661E-01  1.35928E-02  1.56775E-01 -8.85014E-02 -5.60211E-02  6.08247E-02  0.00000E+00 -4.31682E-02 -3.05847E-02 -9.59386E-03 -6.71301E-02 -1.68657E-02 -1.06554E-02  7.11576E-03  5.07359E-03 -4.14289E-02 -4.94460E-02
 THETA5        3.49940E-01  3.42816E-02 -3.13342E-01 -1.06075E-02  5.02113E-02  5.34629E-03 -9.79927E-01  1.12808E-02  2.11906E-01  2.32912E-01 -4.08493E-02  0.00000E+00  3.06361E-02  4.37407E-02  5.45383E-02  3.59236E-02  9.88835E-03  6.12091E-02  1.05593E-01  9.12826E-02  6.78837E-02  7.44250E-02
 THETA6       -1.05759E-02  1.90276E-01  1.36507E-02 -1.59661E-01  5.34629E-03  4.15501E-02 -1.00123E-02 -9.68552E-01  1.10797E-01  1.24940E-01  2.43800E-02  0.00000E+00 -5.71468E-03 -4.66719E-03 -1.39928E-01 -4.56064E-02 -1.48871E-02 -9.25937E-02 -4.41553E-02 -7.58234E-02 -2.49518E-02  3.15786E-02
 THETA7       -3.30921E-01 -3.58412E-02  2.98842E-01  1.35928E-02 -9.79927E-01 -1.00123E-02  1.39469E-02 -6.25039E-03 -2.08471E-01 -2.25449E-01  4.56225E-02  0.00000E+00 -3.92536E-02 -3.54685E-02 -2.68254E-02 -3.72093E-02 -9.17342E-03 -6.90142E-02 -9.57874E-02 -8.50653E-02 -8.18523E-02 -8.55679E-02
 THETA8        1.12161E-02 -1.63927E-01 -1.09553E-02  1.56775E-01  1.12808E-02 -9.68552E-01 -6.25039E-03  1.19732E-02 -4.56296E-02 -4.54635E-02 -1.24580E-02  0.00000E+00  1.62108E-03  1.59685E-02  1.34554E-01  3.95573E-02  1.77336E-02  6.75363E-02  4.13708E-02  8.66530E-02  1.36845E-02 -1.52098E-02
 THETA9        3.69885E-02  1.86088E-01  1.08312E-02 -8.85014E-02  2.11906E-01  1.10797E-01 -2.08471E-01 -4.56296E-02  1.10647E-02  7.17477E-01  1.01533E-01  0.00000E+00 -7.46220E-02 -5.69801E-02 -4.78954E-02 -2.69215E-02 -1.12226E-01 -1.23878E-01 -1.44070E-02 -5.95429E-02 -1.04825E-01 -8.72476E-03
 THETA10       3.17189E-02  1.38333E-01  1.29829E-02 -5.60211E-02  2.32912E-01  1.24940E-01 -2.25449E-01 -4.54635E-02  7.17477E-01  9.20313E-03  9.75374E-02  0.00000E+00 -2.93230E-02 -2.33748E-03 -4.67722E-02 -2.50899E-02 -9.41886E-02 -1.19240E-01  1.46003E-02  2.36289E-02 -5.67970E-02  1.23324E-01
 THETA11      -5.94277E-02 -4.76308E-02  7.17193E-02  6.08247E-02 -4.08493E-02  2.43800E-02  4.56225E-02 -1.24580E-02  1.01533E-01  9.75374E-02  2.92564E-03  0.00000E+00 -1.34964E-01 -1.99522E-01 -2.30161E-01 -1.04248E-01 -1.11956E-01 -2.83055E-01 -9.12129E-02 -8.84127E-02 -3.05299E-01 -2.62237E-01
 SIGMA(1,1)    0.00000E+00  0.00000E+00  0.00000E+00  0.00000E+00  0.00000E+00  0.00000E+00  0.00000E+00  0.00000E+00  0.00000E+00  0.00000E+00  0.00000E+00  0.00000E+00  0.00000E+00  0.00000E+00  0.00000E+00  0.00000E+00  0.00000E+00  0.00000E+00  0.00000E+00  0.00000E+00  0.00000E+00  0.00000E+00
 OMEGA(1,1)    1.01089E-01  1.01008E-02 -1.13551E-01 -4.31682E-02  3.06361E-02 -5.71468E-03 -3.92536E-02  1.62108E-03 -7.46220E-02 -2.93230E-02 -1.34964E-01  0.00000E+00  9.97867E-04  4.10916E-01  5.07382E-02  4.21454E-01  1.95458E-01  1.62275E-01  3.86262E-01  1.51481E-01  2.00371E-01  1.86435E-01
 OMEGA(2,1)    4.18436E-02  2.20796E-02 -6.60677E-02 -3.05847E-02  4.37407E-02 -4.66719E-03 -3.54685E-02  1.59685E-02 -5.69801E-02 -2.33748E-03 -1.99522E-01  0.00000E+00  4.10916E-01  8.58409E-04  3.49575E-01  3.05075E-01  3.41298E-01  1.71838E-01  3.04470E-01  3.50389E-01  1.99922E-01  1.84751E-01
 OMEGA(2,2)    5.32162E-02  9.64598E-03 -5.52117E-02 -9.59386E-03  5.45383E-02 -1.39928E-01 -2.68254E-02  1.34554E-01 -4.78954E-02 -4.67722E-02 -2.30161E-01  0.00000E+00  5.07382E-02  3.49575E-01  1.50380E-03  3.05255E-02  2.67919E-01  3.75872E-02  9.41353E-02  3.27273E-01  5.10621E-02  2.43911E-02
 OMEGA(3,1)   -5.22778E-04  5.08033E-02 -2.33098E-02 -6.71301E-02  3.59236E-02 -4.56064E-02 -3.72093E-02  3.95573E-02 -2.69215E-02 -2.50899E-02 -1.04248E-01  0.00000E+00  4.21454E-01  3.05075E-01  3.05255E-02  1.34882E-03  4.04161E-01  3.79244E-01  7.16555E-01  2.77993E-01  3.50656E-01  2.59368E-01
 OMEGA(3,2)    7.03778E-03 -3.43686E-03 -2.14575E-02 -1.68657E-02  9.88835E-03 -1.48871E-02 -9.17342E-03  1.77336E-02 -1.12226E-01 -9.41886E-02 -1.11956E-01  0.00000E+00  1.95458E-01  3.41298E-01  2.67919E-01  4.04161E-01  1.41744E-03  3.88554E-01  2.98942E-01  6.72249E-01  4.06939E-01  2.55417E-01
 OMEGA(3,3)    2.15106E-02 -4.22980E-03 -2.82492E-02 -1.06554E-02  6.12091E-02 -9.25937E-02 -6.90142E-02  6.75363E-02 -1.23878E-01 -1.19240E-01 -2.83055E-01  0.00000E+00  1.62275E-01  1.71838E-01  3.75872E-02  3.79244E-01  3.88554E-01  2.90914E-03  2.15509E-01  2.16354E-01  7.92326E-01  3.88784E-01
 OMEGA(4,1)    3.08293E-02 -3.21305E-03 -5.00715E-02  7.11576E-03  1.05593E-01 -4.41553E-02 -9.57874E-02  4.13708E-02 -1.44070E-02  1.46003E-02 -9.12129E-02  0.00000E+00  3.86262E-01  3.04470E-01  9.41353E-02  7.16555E-01  2.98942E-01  2.15509E-01  1.12447E-03  3.84806E-01  3.87518E-01  4.27562E-01
 OMEGA(4,2)    5.38498E-02 -1.98387E-02 -5.19572E-02  5.07359E-03  9.12826E-02 -7.58234E-02 -8.50653E-02  8.66530E-02 -5.95429E-02  2.36289E-02 -8.84127E-02  0.00000E+00  1.51481E-01  3.50389E-01  3.27273E-01  2.77993E-01  6.72249E-01  2.16354E-01  3.84806E-01  1.14719E-03  3.47669E-01  3.98266E-01
 OMEGA(4,3)    2.02392E-02  2.81002E-02 -2.95387E-02 -4.14289E-02  6.78837E-02 -2.49518E-02 -8.18523E-02  1.36845E-02 -1.04825E-01 -5.67970E-02 -3.05299E-01  0.00000E+00  2.00371E-01  1.99922E-01  5.10621E-02  3.50656E-01  4.06939E-01  7.92326E-01  3.87518E-01  3.47669E-01  1.97263E-03  7.60919E-01
 OMEGA(4,4)   -1.63456E-02  5.46813E-02  8.73474E-03 -4.94460E-02  7.44250E-02  3.15786E-02 -8.55679E-02 -1.52098E-02 -8.72476E-03  1.23324E-01 -2.62237E-01  0.00000E+00  1.86435E-01  1.84751E-01  2.43911E-02  2.59368E-01  2.55417E-01  3.88784E-01  4.27562E-01  3.98266E-01  7.60919E-01  1.99353E-03
TABLE NO.     2: Objective Function Evaluation by Importance Sampling: Problem=1 Subproblem=0 Superproblem1=0 Iteration1=0 Superproblem2=0 Iteration2=0
 NAME         THETA1       THETA2       THETA3       THETA4       THETA5       THETA6       THETA7       THETA8       THETA9       THETA10      THETA11      SIGMA(1,1)   OMEGA(1,1)   OMEGA(2,1)   OMEGA(2,2)   OMEGA(3,1)   OMEGA(3,2)   OMEGA(3,3)   OMEGA(4,1)   OMEGA(4,2)   OMEGA(4,3)   OMEGA(4,4)
 THETA1        3.27196E-02  1.68245E-02 -9.68179E-01 -3.58351E-03  2.28616E-01  2.37890E-02 -2.20639E-01 -1.26836E-02  1.30124E-01  9.93089E-02  1.67877E-02  0.00000E+00  8.65936E-03  1.04708E-02 -7.13413E-03  6.67076E-03  1.14276E-02 -2.14576E-03  2.35643E-02  6.97667E-03 -4.77782E-03 -8.18242E-03
 THETA2        1.68245E-02  2.86983E-02 -1.03703E-02 -9.59184E-01  2.29723E-02  2.84058E-01 -2.44257E-02 -2.61917E-01  1.50138E-01  1.30381E-01  1.60397E-03  0.00000E+00 -9.17664E-03 -1.73293E-02 -9.44209E-03 -2.28199E-03 -1.42043E-03  3.63188E-03 -4.84608E-02 -7.81007E-03  1.67601E-02  2.39736E-02
 THETA3       -9.68179E-01 -1.03703E-02  9.53967E-03  1.00127E-03 -2.12186E-01 -1.56856E-02  2.13648E-01  8.40802E-03 -9.27320E-02 -6.21403E-02 -1.58608E-02  0.00000E+00 -2.95798E-03 -3.25891E-03  9.93460E-03  4.55169E-03 -6.81048E-03  7.48537E-03 -1.82210E-02 -3.62986E-03  9.47437E-03  1.14077E-02
 THETA4       -3.58351E-03 -9.59184E-01  1.00127E-03  8.32314E-03 -7.73713E-03 -2.55509E-01  8.44592E-03  2.58457E-01 -5.12827E-02 -5.03172E-02  2.59256E-03  0.00000E+00  1.19840E-02  2.25892E-02  1.00109E-02  4.69753E-03  5.51544E-03 -1.38243E-04  5.85813E-02  1.17984E-02 -1.24124E-02 -1.98251E-02
 THETA5        2.28616E-01  2.29723E-02 -2.12186E-01 -7.73713E-03  3.97247E-02  2.85384E-02 -9.69398E-01 -1.31494E-02  1.45676E-01  1.55354E-01  3.75617E-02  0.00000E+00  5.05025E-03  3.75331E-03 -1.48831E-02  1.29702E-02  2.85649E-02 -9.46150E-04  6.01527E-03  3.10260E-02 -1.08179E-02 -1.92837E-02
 THETA6        2.37890E-02  2.84058E-01 -1.56856E-02 -2.55509E-01  2.85384E-02  3.59193E-02 -2.97585E-02 -9.59109E-01  1.83850E-01  1.90398E-01 -1.54476E-02  0.00000E+00  8.88215E-03 -1.24186E-02 -3.47822E-02  1.42888E-02 -1.25435E-02  2.48527E-02  1.78124E-02 -5.70512E-02  4.82581E-02  6.12382E-02
 THETA7       -2.20639E-01 -2.44257E-02  2.13648E-01  8.44592E-03 -9.69398E-01 -2.97585E-02  1.14868E-02  1.42119E-02 -1.55064E-01 -1.54107E-01 -3.76822E-02  0.00000E+00  2.04901E-03  9.94800E-03  2.68346E-02 -4.67094E-03 -1.20132E-02  5.53457E-03 -8.60272E-04 -2.35572E-02  1.36371E-02  2.00219E-02
 THETA8       -1.26836E-02 -2.61917E-01  8.40802E-03  2.58457E-01 -1.31494E-02 -9.59109E-01  1.42119E-02  1.03952E-02 -1.02211E-01 -1.00183E-01  2.19591E-02  0.00000E+00 -2.47001E-03  2.11893E-02  3.63717E-02 -5.83172E-03  1.89428E-02 -1.94364E-02 -9.33524E-03  6.63175E-02 -4.26413E-02 -5.61061E-02
 THETA9        1.30124E-01  1.50138E-01 -9.27320E-02 -5.12827E-02  1.45676E-01  1.83850E-01 -1.55064E-01 -1.02211E-01  1.08139E-02  7.13464E-01  5.10085E-02  0.00000E+00  2.15862E-02  2.24139E-02 -2.78671E-02  2.31316E-02  4.98752E-02 -1.57061E-03  3.77441E-02  4.04394E-02  1.05723E-02  8.72625E-03
 THETA10       9.93089E-02  1.30381E-01 -6.21403E-02 -5.03172E-02  1.55354E-01  1.90398E-01 -1.54107E-01 -1.00183E-01  7.13464E-01  8.72688E-03  4.54188E-02  0.00000E+00  2.48991E-02  2.43411E-02 -2.60617E-02  3.60665E-02  3.81086E-02  7.86523E-03  2.91479E-02  3.32063E-02  8.31415E-03  1.34207E-02
 THETA11       1.67877E-02  1.60397E-03 -1.58608E-02  2.59256E-03  3.75617E-02 -1.54476E-02 -3.76822E-02  2.19591E-02  5.10085E-02  4.54188E-02  2.76566E-03  0.00000E+00 -1.45914E-01 -1.76009E-01 -3.09926E-01 -1.75333E-01 -1.13227E-01 -3.36774E-01 -2.01493E-01 -1.19336E-01 -3.49185E-01 -3.15182E-01
 SIGMA(1,1)    0.00000E+00  0.00000E+00  0.00000E+00  0.00000E+00  0.00000E+00  0.00000E+00  0.00000E+00  0.00000E+00  0.00000E+00  0.00000E+00  0.00000E+00  0.00000E+00  0.00000E+00  0.00000E+00  0.00000E+00  0.00000E+00  0.00000E+00  0.00000E+00  0.00000E+00  0.00000E+00  0.00000E+00  0.00000E+00
 OMEGA(1,1)    8.65936E-03 -9.17664E-03 -2.95798E-03  1.19840E-02  5.05025E-03  8.88215E-03  2.04901E-03 -2.47001E-03  2.15862E-02  2.48991E-02 -1.45914E-01  0.00000E+00  9.69839E-04  3.47799E-01  6.39326E-02  4.60193E-01  1.31642E-01  1.65223E-01  3.96191E-01  9.68280E-02  1.57197E-01  1.17452E-01
 OMEGA(2,1)    1.04708E-02 -1.73293E-02 -3.25891E-03  2.25892E-02  3.75331E-03 -1.24186E-02  9.94800E-03  2.11893E-02  2.24139E-02  2.43411E-02 -1.76009E-01  0.00000E+00  3.47799E-01  8.30745E-04  3.18019E-01  2.47773E-01  3.23666E-01  1.46363E-01  2.83727E-01  2.74130E-01  1.49153E-01  1.16469E-01
 OMEGA(2,2)   -7.13413E-03 -9.44209E-03  9.93460E-03  1.00109E-02 -1.48831E-02 -3.47822E-02  2.68346E-02  3.63717E-02 -2.78671E-02 -2.60617E-02 -3.09926E-01  0.00000E+00  6.39326E-02  3.18019E-01  1.36493E-03  4.98724E-02  2.27311E-01  8.22154E-02  6.24642E-02  2.98842E-01  7.29751E-02  6.05219E-02
 OMEGA(3,1)    6.67076E-03 -2.28199E-03  4.55169E-03  4.69753E-03  1.29702E-02  1.42888E-02 -4.67094E-03 -5.83172E-03  2.31316E-02  3.60665E-02 -1.75333E-01  0.00000E+00  4.60193E-01  2.47773E-01  4.98724E-02  1.34669E-03  3.72183E-01  5.25843E-01  7.26266E-01  2.24633E-01  4.65957E-01  3.09145E-01
 OMEGA(3,2)    1.14276E-02 -1.42043E-03 -6.81048E-03  5.51544E-03  2.85649E-02 -1.25435E-02 -1.20132E-02  1.89428E-02  4.98752E-02  3.81086E-02 -1.13227E-01  0.00000E+00  1.31642E-01  3.23666E-01  2.27311E-01  3.72183E-01  1.49008E-03  4.10504E-01  2.66526E-01  6.62544E-01  4.03844E-01  2.64634E-01
 OMEGA(3,3)   -2.14576E-03  3.63188E-03  7.48537E-03 -1.38243E-04 -9.46150E-04  2.48527E-02  5.53457E-03 -1.94364E-02 -1.57061E-03  7.86523E-03 -3.36774E-01  0.00000E+00  1.65223E-01  1.46363E-01  8.22154E-02  5.25843E-01  4.10504E-01  3.23503E-03  3.83244E-01  2.36059E-01  8.52272E-01  5.45695E-01
 OMEGA(4,1)    2.35643E-02 -4.84608E-02 -1.82210E-02  5.85813E-02  6.01527E-03  1.78124E-02 -8.60272E-04 -9.33524E-03  3.77441E-02  2.91479E-02 -2.01493E-01  0.00000E+00  3.96191E-01  2.83727E-01  6.24642E-02  7.26266E-01  2.66526E-01  3.83244E-01  1.04154E-03  3.04830E-01  4.65006E-01  4.15407E-01
 OMEGA(4,2)    6.97667E-03 -7.81007E-03 -3.62986E-03  1.17984E-02  3.10260E-02 -5.70512E-02 -2.35572E-02  6.63175E-02  4.04394E-02  3.32063E-02 -1.19336E-01  0.00000E+00  9.68280E-02  2.74130E-01  2.98842E-01  2.24633E-01  6.62544E-01  2.36059E-01  3.04830E-01  1.13682E-03  3.16574E-01  3.42797E-01
 OMEGA(4,3)   -4.77782E-03  1.67601E-02  9.47437E-03 -1.24124E-02 -1.08179E-02  4.82581E-02  1.36371E-02 -4.26413E-02  1.05723E-02  8.31415E-03 -3.49185E-01  0.00000E+00  1.57197E-01  1.49153E-01  7.29751E-02  4.65957E-01  4.03844E-01  8.52272E-01  4.65006E-01  3.16574E-01  2.27795E-03  8.21597E-01
 OMEGA(4,4)   -8.18242E-03  2.39736E-02  1.14077E-02 -1.98251E-02 -1.92837E-02  6.12382E-02  2.00219E-02 -5.61061E-02  8.72625E-03  1.34207E-02 -3.15182E-01  0.00000E+00  1.17452E-01  1.16469E-01  6.05219E-02  3.09145E-01  2.64634E-01  5.45695E-01  4.15407E-01  3.42797E-01  8.21597E-01  2.03968E-03
