TABLE NO.     1: Stochastic Approximation Expectation-Maximization: Problem=1 Subproblem=0 Superproblem1=0 Iteration1=0 Superproblem2=0 Iteration2=0
 NAME         THETA1       THETA2       THETA3       THETA4       THETA5       THETA6       THETA7       THETA8       THETA9       THETA10      THETA11      SIGMA(1,1)   OMEGA(1,1)   OMEGA(2,1)   OMEGA(2,2)   OMEGA(3,1)   OMEGA(3,2)   OMEGA(3,3)   OMEGA(4,1)   OMEGA(4,2)   OMEGA(4,3)   OMEGA(4,4)
 THETA1        1.44231E-03  3.57592E-06 -4.11077E-04 -9.83137E-07  6.67305E-04 -1.66885E-05 -1.75280E-04  5.10013E-06  1.55431E-05  1.10862E-05 -6.60296E-06  0.00000E+00  3.83095E-06  1.36412E-06  3.03923E-06 -2.67793E-08  3.78851E-07  2.37656E-06  1.31656E-06  2.34612E-06  1.51624E-06 -1.23752E-06
 THETA2        3.57592E-06  8.35776E-04  1.00575E-06 -2.33130E-04  4.97630E-05  2.28560E-04 -1.44513E-05 -5.67419E-05  5.95255E-05  3.68049E-05 -4.02859E-06  0.00000E+00  2.91390E-07  5.47937E-07  4.19355E-07  1.98103E-06 -1.40835E-07 -3.55738E-07 -1.04451E-07 -6.57950E-07  1.60251E-06  3.15142E-06
 THETA3       -4.11077E-04  1.00575E-06  1.22797E-04  1.31023E-07 -1.74347E-04  6.28521E-06  4.61863E-05 -1.45354E-06  1.32804E-06  1.32404E-06  2.32515E-06  0.00000E+00 -1.25562E-06 -6.28461E-07 -9.20060E-07 -3.48406E-07 -3.37036E-07 -9.10679E-07 -6.23927E-07 -6.60506E-07 -6.45701E-07  1.92960E-07
 THETA4       -9.83137E-07 -2.33130E-04  1.31023E-07  7.12986E-05 -4.49733E-06 -5.60158E-05  1.60076E-06  1.58499E-05 -8.26858E-06 -4.35339E-06  1.50259E-06  0.00000E+00 -3.63728E-07 -2.21686E-07 -1.21822E-07 -7.64559E-07 -2.01859E-07 -2.61742E-07  6.75632E-08  4.91464E-08 -6.90065E-07 -8.32326E-07
 THETA5        6.67305E-04  4.97630E-05 -1.74347E-04 -4.49733E-06  2.52117E-03  1.11539E-05 -6.86236E-04  6.78188E-06  1.17729E-04  1.07629E-04 -6.00076E-06  0.00000E+00  1.53500E-06  1.88530E-06  4.11807E-06  2.43295E-06  7.03766E-07  8.94092E-06  5.96189E-06  5.25806E-06  6.72377E-06  7.44976E-06
 THETA6       -1.66885E-05  2.28560E-04  6.28521E-06 -5.60158E-05  1.11539E-05  1.72641E-03 -5.80209E-06 -4.81842E-04  5.09378E-05  4.77758E-05  2.96364E-06  0.00000E+00 -2.36939E-07 -1.66464E-07 -8.74314E-06 -2.55594E-06 -8.76770E-07 -1.11923E-05 -2.06302E-06 -3.61419E-06 -2.04513E-06  2.61569E-06
 THETA7       -1.75280E-04 -1.44513E-05  4.61863E-05  1.60076E-06 -6.86236E-04 -5.80209E-06  1.94516E-04 -1.04375E-06 -3.21709E-05 -2.89376E-05  1.86156E-06  0.00000E+00 -5.46299E-07 -4.24635E-07 -5.62619E-07 -6.99976E-07 -1.81348E-07 -2.80015E-06 -1.50223E-06 -1.36103E-06 -2.25193E-06 -2.37909E-06
 THETA8        5.10013E-06 -5.67419E-05 -1.45354E-06  1.58499E-05  6.78188E-06 -4.81842E-04 -1.04375E-06  1.43357E-04 -6.04501E-06 -5.00966E-06 -4.36396E-07  0.00000E+00  1.93681E-08  1.64123E-07  2.42269E-06  6.38837E-07  3.00962E-07  2.35241E-06  5.56996E-07  1.19023E-06  3.23211E-07 -3.63040E-07
 THETA9        1.55431E-05  5.95255E-05  1.32804E-06 -8.26858E-06  1.17729E-04  5.09378E-05 -3.21709E-05 -6.04501E-06  1.22428E-04  7.30607E-05  3.28675E-06  0.00000E+00 -8.23910E-07 -5.41200E-07 -7.96938E-07 -4.01785E-07 -1.76010E-06 -3.98748E-06 -1.79251E-07 -7.55800E-07 -2.28798E-06 -1.92449E-07
 THETA10       1.10862E-05  3.68049E-05  1.32404E-06 -4.35339E-06  1.07629E-04  4.77758E-05 -2.89376E-05 -5.00966E-06  7.30607E-05  8.46976E-05  2.62620E-06  0.00000E+00 -2.69288E-07 -1.84662E-08 -6.47312E-07 -3.11449E-07 -1.22868E-06 -3.19243E-06  1.51093E-07  2.49469E-07 -1.03112E-06  2.26258E-06
 THETA11      -6.60296E-06 -4.02859E-06  2.32515E-06  1.50259E-06 -6.00076E-06  2.96364E-06  1.86156E-06 -4.36396E-07  3.28675E-06  2.62620E-06  8.55936E-06  0.00000E+00 -3.94014E-07 -5.01079E-07 -1.01261E-06 -4.11377E-07 -4.64269E-07 -2.40911E-06 -3.00072E-07 -2.96737E-07 -1.76195E-06 -1.52945E-06
 SIGMA(1,1)    0.00000E+00  0.00000E+00  0.00000E+00  0.00000E+00  0.00000E+00  0.00000E+00  0.00000E+00  0.00000E+00  0.00000E+00  0.00000E+00  0.00000E+00  0.00000E+00  0.00000E+00  0.00000E+00  0.00000E+00  0.00000E+00  0.00000E+00  0.00000E+00  0.00000E+00  0.00000E+00  0.00000E+00  0.00000E+00
 OMEGA(1,1)    3.83095E-06  2.91390E-07 -1.25562E-06 -3.63728E-07  1.53500E-06 -2.36939E-07 -5.46299E-07  1.93681E-08 -8.23910E-07 -2.69288E-07 -3.94014E-07  0.00000E+00  9.95739E-07  3.51982E-07  7.61374E-08  5.67252E-07  2.76458E-07  4.71074E-07  4.33414E-07  1.73407E-07  3.94414E-07  3.70871E-07
 OMEGA(2,1)    1.36412E-06  5.47937E-07 -6.28461E-07 -2.21686E-07  1.88530E-06 -1.66464E-07 -4.24635E-07  1.64123E-07 -5.41200E-07 -1.84662E-08 -5.01079E-07  0.00000E+00  3.51982E-07  7.36866E-07  4.51258E-07  3.53227E-07  4.15271E-07  4.29121E-07  2.93892E-07  3.45049E-07  3.38533E-07  3.16158E-07
 OMEGA(2,2)    3.03923E-06  4.19355E-07 -9.20060E-07 -1.21822E-07  4.11807E-06 -8.74314E-06 -5.62619E-07  2.42269E-06 -7.96938E-07 -6.47312E-07 -1.01261E-06  0.00000E+00  7.61374E-08  4.51258E-07  2.26142E-06  6.19166E-08  5.71081E-07  1.64436E-07  1.59181E-07  5.64595E-07  1.51473E-07  7.31213E-08
 OMEGA(3,1)   -2.67793E-08  1.98103E-06 -3.48406E-07 -7.64559E-07  2.43295E-06 -2.55594E-06 -6.99976E-07  6.38837E-07 -4.01785E-07 -3.11449E-07 -4.11377E-07  0.00000E+00  5.67252E-07  3.53227E-07  6.19166E-08  1.81931E-06  7.72701E-07  1.48812E-06  1.08680E-06  4.30153E-07  9.32998E-07  6.97414E-07
 OMEGA(3,2)    3.78851E-07 -1.40835E-07 -3.37036E-07 -2.01859E-07  7.03766E-07 -8.76770E-07 -1.81348E-07  3.00962E-07 -1.76010E-06 -1.22868E-06 -4.64269E-07  0.00000E+00  2.76458E-07  4.15271E-07  5.71081E-07  7.72701E-07  2.00913E-06  1.60221E-06  4.76474E-07  1.09313E-06  1.13783E-06  7.21730E-07
 OMEGA(3,3)    2.37656E-06 -3.55738E-07 -9.10679E-07 -2.61742E-07  8.94092E-06 -1.11923E-05 -2.80015E-06  2.35241E-06 -3.98748E-06 -3.19243E-06 -2.40911E-06  0.00000E+00  4.71074E-07  4.29121E-07  1.64436E-07  1.48812E-06  1.60221E-06  8.46311E-06  7.04983E-07  7.22050E-07  4.54690E-06  2.25474E-06
 OMEGA(4,1)    1.31656E-06 -1.04451E-07 -6.23927E-07  6.75632E-08  5.96189E-06 -2.06302E-06 -1.50223E-06  5.56996E-07 -1.79251E-07  1.51093E-07 -3.00072E-07  0.00000E+00  4.33414E-07  2.93892E-07  1.59181E-07  1.08680E-06  4.76474E-07  7.04983E-07  1.26444E-06  4.96394E-07  8.59581E-07  9.58450E-07
 OMEGA(4,2)    2.34612E-06 -6.57950E-07 -6.60506E-07  4.91464E-08  5.25806E-06 -3.61419E-06 -1.36103E-06  1.19023E-06 -7.55800E-07  2.49469E-07 -2.96737E-07  0.00000E+00  1.73407E-07  3.45049E-07  5.64595E-07  4.30153E-07  1.09313E-06  7.22050E-07  4.96394E-07  1.31605E-06  7.86772E-07  9.10818E-07
 OMEGA(4,3)    1.51624E-06  1.60251E-06 -6.45701E-07 -6.90065E-07  6.72377E-06 -2.04513E-06 -2.25193E-06  3.23211E-07 -2.28798E-06 -1.03112E-06 -1.76195E-06  0.00000E+00  3.94414E-07  3.38533E-07  1.51473E-07  9.32998E-07  1.13783E-06  4.54690E-06  8.59581E-07  7.86772E-07  3.89128E-06  2.99231E-06
 OMEGA(4,4)   -1.23752E-06  3.15142E-06  1.92960E-07 -8.32326E-07  7.44976E-06  2.61569E-06 -2.37909E-06 -3.63040E-07 -1.92449E-07  2.26258E-06 -1.52945E-06  0.00000E+00  3.70871E-07  3.16158E-07  7.31213E-08  6.97414E-07  7.21730E-07  2.25474E-06  9.58450E-07  9.10818E-07  2.99231E-06  3.97414E-06
TABLE NO.     2: Objective Function Evaluation by Importance Sampling: Problem=1 Subproblem=0 Superproblem1=0 Iteration1=0 Superproblem2=0 Iteration2=0
 NAME         THETA1       THETA2       THETA3       THETA4       THETA5       THETA6       THETA7       THETA8       THETA9       THETA10      THETA11      SIGMA(1,1)   OMEGA(1,1)   OMEGA(2,1)   OMEGA(2,2)   OMEGA(3,1)   OMEGA(3,2)   OMEGA(3,3)   OMEGA(4,1)   OMEGA(4,2)   OMEGA(4,3)   OMEGA(4,4)
 THETA1        1.07057E-03  1.57982E-05 -3.02202E-04 -9.75895E-07  2.97150E-04  2.79583E-05 -8.29253E-05 -4.31402E-06  4.60414E-05  2.83566E-05  1.51914E-06  0.00000E+00  2.74785E-07  2.84613E-07 -3.18611E-07  2.93935E-07  5.57147E-07 -2.27126E-07  8.03039E-07  2.59507E-07 -3.56107E-07 -5.46073E-07
 THETA2        1.57982E-05  8.23590E-04 -2.83909E-06 -2.29110E-04  2.61891E-05  2.92812E-04 -8.05193E-06 -7.81362E-05  4.65941E-05  3.26535E-05  1.27306E-07  0.00000E+00 -2.55411E-07 -4.13147E-07 -3.69858E-07 -8.81939E-08 -6.07411E-08  3.37183E-07 -1.44851E-06 -2.54802E-07  1.09566E-06  1.40330E-06
 THETA3       -3.02202E-04 -2.83909E-06  9.10054E-05  7.95009E-08 -8.04103E-05 -5.37481E-06  2.34115E-05  8.33797E-07 -9.56637E-06 -5.17327E-06 -4.18463E-07  0.00000E+00 -2.73671E-08 -2.58270E-08  1.29359E-07  5.84757E-08 -9.68099E-08  2.31007E-07 -1.81043E-07 -3.93655E-08  2.05886E-07  2.21970E-07
 THETA4       -9.75895E-07 -2.29110E-04  7.95009E-08  6.92747E-05 -2.55816E-06 -7.63874E-05  8.07479E-07  2.23619E-05 -4.61575E-06 -3.65479E-06  5.96780E-08  0.00000E+00  9.67363E-08  1.56191E-07  1.13729E-07  5.26534E-08  6.84032E-08 -3.72228E-09  5.07834E-07  1.11636E-07 -2.35334E-07 -3.36562E-07
 THETA5        2.97150E-04  2.61891E-05 -8.04103E-05 -2.55816E-06  1.57805E-03  4.07210E-05 -4.42344E-04 -5.42998E-06  6.25797E-05  5.38569E-05  4.12671E-06  0.00000E+00  1.94569E-07  1.23863E-07 -8.06984E-07  6.93869E-07  1.69084E-06 -1.21590E-07  2.48881E-07  1.40113E-06 -9.78923E-07 -1.56248E-06
 THETA6        2.79583E-05  2.92812E-04 -5.37481E-06 -7.63874E-05  4.07210E-05  1.29019E-03 -1.22782E-05 -3.58120E-04  7.14126E-05  5.96827E-05 -1.53457E-06  0.00000E+00  3.09418E-07 -3.70568E-07 -1.70528E-06  6.91182E-07 -6.71358E-07  2.88789E-06  6.66384E-07 -2.32962E-06  3.94858E-06  4.48654E-06
 THETA7       -8.29253E-05 -8.05193E-06  2.34115E-05  8.07479E-07 -4.42344E-04 -1.22782E-05  1.31945E-04  1.69700E-06 -1.92615E-05 -1.54482E-05 -1.19711E-06  0.00000E+00  2.28265E-08  9.49293E-08  4.20730E-07 -7.22555E-08 -2.05620E-07  2.05665E-07 -1.02922E-08 -3.07619E-07  3.56830E-07  4.69099E-07
 THETA8       -4.31402E-06 -7.81362E-05  8.33797E-07  2.23619E-05 -5.42998E-06 -3.58120E-04  1.69700E-06  1.08060E-04 -1.14898E-05 -9.08836E-06  6.31316E-07  0.00000E+00 -2.49019E-08  1.82986E-07  5.16069E-07 -8.16392E-08  2.93417E-07 -6.53622E-07 -1.01073E-07  7.83708E-07 -1.00973E-06 -1.18961E-06
 THETA9        4.60414E-05  4.65941E-05 -9.56637E-06 -4.61575E-06  6.25797E-05  7.14126E-05 -1.92615E-05 -1.14898E-05  1.16941E-04  6.73310E-05  1.52554E-06  0.00000E+00  2.26391E-07  2.01358E-07 -4.11328E-07  3.36867E-07  8.03668E-07 -5.49452E-08  4.25117E-07  4.97143E-07  2.60434E-07  1.92474E-07
 THETA10       2.83566E-05  3.26535E-05 -5.17327E-06 -3.65479E-06  5.38569E-05  5.96827E-05 -1.54482E-05 -9.08836E-06  6.73310E-05  7.61584E-05  1.09621E-06  0.00000E+00  2.10738E-07  1.76468E-07 -3.10437E-07  4.23869E-07  4.95553E-07  2.22049E-07  2.64936E-07  3.29437E-07  1.65280E-07  2.38889E-07
 THETA11       1.51914E-06  1.27306E-07 -4.18463E-07  5.96780E-08  4.12671E-06 -1.53457E-06 -1.19711E-06  6.31316E-07  1.52554E-06  1.09621E-06  7.64886E-06  0.00000E+00 -3.91378E-07 -4.04391E-07 -1.16995E-06 -6.53026E-07 -4.66614E-07 -3.01311E-06 -5.80408E-07 -3.75200E-07 -2.19987E-06 -1.77796E-06
 SIGMA(1,1)    0.00000E+00  0.00000E+00  0.00000E+00  0.00000E+00  0.00000E+00  0.00000E+00  0.00000E+00  0.00000E+00  0.00000E+00  0.00000E+00  0.00000E+00  0.00000E+00  0.00000E+00  0.00000E+00  0.00000E+00  0.00000E+00  0.00000E+00  0.00000E+00  0.00000E+00  0.00000E+00  0.00000E+00  0.00000E+00
 OMEGA(1,1)    2.74785E-07 -2.55411E-07 -2.73671E-08  9.67363E-08  1.94569E-07  3.09418E-07  2.28265E-08 -2.49019E-08  2.26391E-07  2.10738E-07 -3.91378E-07  0.00000E+00  9.40588E-07  2.80217E-07  8.46318E-08  6.01048E-07  1.90240E-07  5.18380E-07  4.00202E-07  1.06756E-07  3.47285E-07  2.32339E-07
 OMEGA(2,1)    2.84613E-07 -4.13147E-07 -2.58270E-08  1.56191E-07  1.23863E-07 -3.70568E-07  9.49293E-08  1.82986E-07  2.01358E-07  1.76468E-07 -4.04391E-07  0.00000E+00  2.80217E-07  6.90137E-07  3.60606E-07  2.77198E-07  4.00658E-07  3.93348E-07  2.45495E-07  2.58891E-07  2.82257E-07  1.97351E-07
 OMEGA(2,2)   -3.18611E-07 -3.69858E-07  1.29359E-07  1.13729E-07 -8.06984E-07 -1.70528E-06  4.20730E-07  5.16069E-07 -4.11328E-07 -3.10437E-07 -1.16995E-06  0.00000E+00  8.46318E-08  3.60606E-07  1.86304E-06  9.16728E-08  4.62318E-07  3.63030E-07  8.88010E-08  4.63710E-07  2.26898E-07  1.68494E-07
 OMEGA(3,1)    2.93935E-07 -8.81939E-08  5.84757E-08  5.26534E-08  6.93869E-07  6.91182E-07 -7.22555E-08 -8.16392E-08  3.36867E-07  4.23869E-07 -6.53026E-07  0.00000E+00  6.01048E-07  2.77198E-07  9.16728E-08  1.81359E-06  7.46851E-07  2.29089E-06  1.01869E-06  3.43904E-07  1.42942E-06  8.49167E-07
 OMEGA(3,2)    5.57147E-07 -6.07411E-08 -9.68099E-08  6.84032E-08  1.69084E-06 -6.71358E-07 -2.05620E-07  2.93417E-07  8.03668E-07  4.95553E-07 -4.66614E-07  0.00000E+00  1.90240E-07  4.00658E-07  4.62318E-07  7.46851E-07  2.22033E-06  1.97881E-06  4.13641E-07  1.12232E-06  1.37077E-06  8.04296E-07
 OMEGA(3,3)   -2.27126E-07  3.37183E-07  2.31007E-07 -3.72228E-09 -1.21590E-07  2.88789E-06  2.05665E-07 -6.53622E-07 -5.49452E-08  2.22049E-07 -3.01311E-06  0.00000E+00  5.18380E-07  3.93348E-07  3.63030E-07  2.29089E-06  1.97881E-06  1.04654E-05  1.29130E-06  8.68146E-07  6.28059E-06  3.60072E-06
 OMEGA(4,1)    8.03039E-07 -1.44851E-06 -1.81043E-07  5.07834E-07  2.48881E-07  6.66384E-07 -1.02922E-08 -1.01073E-07  4.25117E-07  2.64936E-07 -5.80408E-07  0.00000E+00  4.00202E-07  2.45495E-07  8.88010E-08  1.01869E-06  4.13641E-07  1.29130E-06  1.08480E-06  3.60933E-07  1.10326E-06  8.82492E-07
 OMEGA(4,2)    2.59507E-07 -2.54802E-07 -3.93655E-08  1.11636E-07  1.40113E-06 -2.32962E-06 -3.07619E-07  7.83708E-07  4.97143E-07  3.29437E-07 -3.75200E-07  0.00000E+00  1.06756E-07  2.58891E-07  4.63710E-07  3.43904E-07  1.12232E-06  8.68146E-07  3.60933E-07  1.29237E-06  8.19808E-07  7.94862E-07
 OMEGA(4,3)   -3.56107E-07  1.09566E-06  2.05886E-07 -2.35334E-07 -9.78923E-07  3.94858E-06  3.56830E-07 -1.00973E-06  2.60434E-07  1.65280E-07 -2.19987E-06  0.00000E+00  3.47285E-07  2.82257E-07  2.26898E-07  1.42942E-06  1.37077E-06  6.28059E-06  1.10326E-06  8.19808E-07  5.18905E-06  3.81737E-06
 OMEGA(4,4)   -5.46073E-07  1.40330E-06  2.21970E-07 -3.36562E-07 -1.56248E-06  4.48654E-06  4.69099E-07 -1.18961E-06  1.92474E-07  2.38889E-07 -1.77796E-06  0.00000E+00  2.32339E-07  1.97351E-07  1.68494E-07  8.49167E-07  8.04296E-07  3.60072E-06  8.82492E-07  7.94862E-07  3.81737E-06  4.16029E-06
