list(iter_sampling = 100, iter_warmup = 100, seed = 123456)
