list(chains = 4, iter_sampling = 300, iter_warmup = 300, seed = 123456)
