TABLE NO.     1: Iterative Two Stage: Problem=1 Subproblem=0 Superproblem1=0 Iteration1=0 Superproblem2=0 Iteration2=0
 NAME         THETA1       THETA2       THETA3       THETA4       THETA5       THETA6       SIGMA(1,1)   OMEGA(1,1)   OMEGA(2,1)   OMEGA(2,2)
 THETA1        6.97851E-01 -1.14280E-01  5.58278E-01 -2.85276E-01 -1.29016E-01  6.06277E-02 -2.77068E-01  2.25054E-01  1.98360E-01 -2.44598E-02
 THETA2       -1.14280E-01  5.02559E+00 -9.77789E-02  1.33745E-01  4.21678E-01 -4.06458E-01  1.31472E-01 -1.18370E-01 -1.96071E-01  2.23437E-01
 THETA3        5.58278E-01 -9.77789E-02  9.36615E-02 -4.40026E-02 -4.34025E-02  8.43264E-02  1.11500E-01 -3.53095E-02  2.36785E-02 -1.36124E-01
 THETA4       -2.85276E-01  1.33745E-01 -4.40026E-02  1.02210E+00  1.75603E-01  1.84205E-01  1.97837E-01 -5.76123E-01 -9.65531E-03  1.02910E-01
 THETA5       -1.29016E-01  4.21678E-01 -4.34025E-02  1.75603E-01  2.08179E-01  1.67828E-01 -8.15167E-02 -6.47734E-02 -2.24142E-01 -4.60521E-03
 THETA6        6.06277E-02 -4.06458E-01  8.43264E-02  1.84205E-01  1.67828E-01  9.57105E-01 -3.19997E-02 -9.41291E-02  2.69687E-01 -6.44896E-01
 SIGMA(1,1)   -2.77068E-01  1.31472E-01  1.11500E-01  1.97837E-01 -8.15167E-02 -3.19997E-02  3.03780E-03 -5.29824E-01  9.07533E-02 -1.29398E-01
 OMEGA(1,1)    2.25054E-01 -1.18370E-01 -3.53095E-02 -5.76123E-01 -6.47734E-02 -9.41291E-02 -5.29824E-01  1.80886E-02  1.20429E-01  1.30608E-01
 OMEGA(2,1)    1.98360E-01 -1.96071E-01  2.36785E-02 -9.65531E-03 -2.24142E-01  2.69687E-01  9.07533E-02  1.20429E-01  1.47946E-02 -1.85397E-01
 OMEGA(2,2)   -2.44598E-02  2.23437E-01 -1.36124E-01  1.02910E-01 -4.60521E-03 -6.44896E-01 -1.29398E-01  1.30608E-01 -1.85397E-01  2.24964E-02
TABLE NO.     3: Importance Sampling: Problem=1 Subproblem=0 Superproblem1=0 Iteration1=0 Superproblem2=0 Iteration2=0
 NAME         THETA1       THETA2       THETA3       THETA4       THETA5       THETA6       SIGMA(1,1)   OMEGA(1,1)   OMEGA(2,1)   OMEGA(2,2)
 THETA1        1.01946E+00  8.02979E-01  9.06367E-01 -3.18041E-01  8.46412E-01 -3.24656E-01  8.26840E-02  6.99344E-02 -5.81824E-02  1.71020E-01
 THETA2        8.02979E-01  4.21087E+00  7.18004E-01 -2.24946E-01  7.19952E-01 -7.03659E-02  8.14262E-02  8.77805E-02 -1.11290E-01  2.29322E-01
 THETA3        9.06367E-01  7.18004E-01  1.72349E-01 -3.82893E-01  9.56106E-01 -2.85136E-01 -1.13944E-01  8.83997E-02  2.12198E-02  2.65969E-01
 THETA4       -3.18041E-01 -2.24946E-01 -3.82893E-01  3.36308E-01 -4.30735E-01  8.04141E-01  2.12259E-01  1.48058E-01 -3.13817E-01  3.68442E-02
 THETA5        8.46412E-01  7.19952E-01  9.56106E-01 -4.30735E-01  1.80655E-01 -3.74178E-01 -8.77949E-02  9.54988E-02  5.24552E-02  1.65406E-01
 THETA6       -3.24656E-01 -7.03659E-02 -2.85136E-01  8.04141E-01 -3.74178E-01  6.04276E-01  7.52336E-02  4.41963E-02 -2.49364E-01  3.64802E-01
 SIGMA(1,1)    8.26840E-02  8.14262E-02 -1.13944E-01  2.12259E-01 -8.77949E-02  7.52336E-02  3.92472E-03  3.25555E-01 -1.37248E-01 -1.43275E-01
 OMEGA(1,1)    6.99344E-02  8.77805E-02  8.83997E-02  1.48058E-01  9.54988E-02  4.41963E-02  3.25555E-01  1.21993E-02  5.93779E-02 -1.72247E-01
 OMEGA(2,1)   -5.81824E-02 -1.11290E-01  2.12198E-02 -3.13817E-01  5.24552E-02 -2.49364E-01 -1.37248E-01  5.93779E-02  7.13420E-03  2.33724E-01
 OMEGA(2,2)    1.71020E-01  2.29322E-01  2.65969E-01  3.68442E-02  1.65406E-01  3.64802E-01 -1.43275E-01 -1.72247E-01  2.33724E-01  1.35056E-02
TABLE NO.     4: Objective Function Evaluation by Importance Sampling: Problem=1 Subproblem=0 Superproblem1=0 Iteration1=0 Superproblem2=0 Iteration2=0
 NAME         THETA1       THETA2       THETA3       THETA4       THETA5       THETA6       SIGMA(1,1)   OMEGA(1,1)   OMEGA(2,1)   OMEGA(2,2)
 THETA1        9.61289E-01 -1.21876E-01  8.54545E-01  6.41613E-01 -6.99860E-01 -6.25587E-01  9.49352E-02  2.26565E-03  4.85384E-01  1.49908E-02
 THETA2       -1.21876E-01  4.93512E+00 -9.05384E-02 -3.34545E-02  4.47257E-01 -3.28410E-02 -1.64843E-02  1.69526E-01 -1.24550E-01 -8.81970E-02
 THETA3        8.54545E-01 -9.05384E-02  3.35331E-01  8.65156E-01 -8.03958E-01 -8.53408E-01 -1.55418E-01  8.30911E-02  6.44710E-01  1.03776E-02
 THETA4        6.41613E-01 -3.34545E-02  8.65156E-01  1.57120E+00 -8.46320E-01 -9.19763E-01 -7.09354E-02  2.78672E-01  6.01312E-01 -1.79741E-01
 THETA5       -6.99860E-01  4.47257E-01 -8.03958E-01 -8.46320E-01  3.41740E-01  7.89825E-01  6.23555E-02 -9.49788E-02 -5.77256E-01  5.52403E-02
 THETA6       -6.25587E-01 -3.28410E-02 -8.53408E-01 -9.19763E-01  7.89825E-01  2.32116E+00  1.26297E-01 -1.76518E-01 -6.97805E-01  2.48009E-01
 SIGMA(1,1)    9.49352E-02 -1.64843E-02 -1.55418E-01 -7.09354E-02  6.23555E-02  1.26297E-01  3.87781E-03  3.57857E-01 -1.73445E-01 -1.75732E-01
 OMEGA(1,1)    2.26565E-03  1.69526E-01  8.30911E-02  2.78672E-01 -9.49788E-02 -1.76518E-01  3.57857E-01  1.22359E-02  1.30756E-01 -2.08004E-01
 OMEGA(2,1)    4.85384E-01 -1.24550E-01  6.44710E-01  6.01312E-01 -5.77256E-01 -6.97805E-01 -1.73445E-01  1.30756E-01  9.45622E-03  9.64480E-02
 OMEGA(2,2)    1.49908E-02 -8.81970E-02  1.03776E-02 -1.79741E-01  5.52403E-02  2.48009E-01 -1.75732E-01 -2.08004E-01  9.64480E-02  1.20056E-02
